variations =

  Columns 1 through 7

    0.0894    0.0020    0.2946    0.3812    0.0023    0.0005    0.0002

  Columns 8 through 14

    0.0003    0.0835    0.0220    0.0845    0.0018    0.0007    0.0221

  Columns 15 through 21

    0.0964    0.0238    0.5170    0.0178    0.0605    0.1704    0.0005

  Columns 22 through 28

    0.0000    0.0026    0.0013    0.2184    0.1051    0.5640    0.4782

  Columns 29 through 35

    0.0001    0.0006    0.0015    0.0746    0.0561    0.0049    0.1726

  Columns 36 through 42

    0.0649    0.3776    0.1694    0.0722    0.0001    0.0078    0.2263

  Columns 43 through 49

    0.0167    0.0009    0.0449    0.0017    0.0000    0.0660    0.0974

  Column 50

    0.0091
