variations =

  Columns 1 through 7

    0.0031    0.0000    0.1801    0.5533    0.0000    0.0006    0.0001

  Columns 8 through 14

    0.0003    0.0008    0.1445    0.0010    0.0019    0.0714    0.0000

  Columns 15 through 21

    0.0009    0.0698    0.1338    0.0564    0.0008    0.0032    0.0005

  Columns 22 through 28

    0.0019    0.0001    0.0049    0.0001    0.0004    0.0007    0.3575

  Columns 29 through 35

    0.0007    0.2236    0.0019    0.0057    0.0034    0.0118    0.3353

  Columns 36 through 42

    0.0006    0.0001    0.0018    0.0753    0.0001    0.0015    0.2804

  Columns 43 through 49

    0.0001    0.0583    0.0677    0.0000    0.0369    0.0038    0.0577

  Column 50

    0.0084
